// MilkShape 3D ASCII

Frames: 30
Frame: 1

Meshes: 1
"0" 0 0
58
0 13.000000 10.000000 18.000000 0.000000 0.000000 -1
0 20.000000 9.000000 19.000000 0.000000 0.000000 -1
0 16.000000 9.000000 13.000000 0.000000 0.000000 -1
0 11.000000 9.000000 13.000000 0.000000 0.000000 -1
0 8.000000 9.000000 18.000000 0.000000 0.000000 -1
0 8.000000 9.000000 24.000000 0.000000 0.000000 -1
0 16.000000 9.000000 26.000000 0.000000 0.000000 -1
0 5.000000 4.000000 33.000000 0.000000 0.000000 -1
0 17.000000 4.000000 33.000000 0.000000 0.000000 -1
0 -1.000000 4.000000 26.000000 0.000000 0.000000 -1
0 -2.000000 4.000000 18.000000 0.000000 0.000000 -1
0 0.000000 4.000000 10.000000 0.000000 0.000000 -1
0 7.000000 4.000000 6.000000 0.000000 0.000000 -1
0 16.000000 4.000000 4.000000 0.000000 0.000000 -1
0 22.000000 4.000000 9.000000 0.000000 0.000000 -1
0 27.000000 4.000000 14.000000 0.000000 0.000000 -1
0 29.000000 4.000000 23.000000 0.000000 0.000000 -1
0 24.000000 4.000000 30.000000 0.000000 0.000000 -1
0 -7.000000 6.000000 -15.000000 0.000000 0.000000 -1
0 -8.000000 5.000000 -10.000000 0.000000 0.000000 -1
0 -2.000000 5.000000 -14.000000 0.000000 0.000000 -1
0 -11.000000 5.000000 -15.000000 0.000000 0.000000 -1
0 -8.000000 5.000000 -21.000000 0.000000 0.000000 -1
0 -3.000000 5.000000 -19.000000 0.000000 0.000000 -1
0 -1.000000 1.000000 -3.000000 0.000000 0.000000 -1
0 4.000000 1.000000 -11.000000 0.000000 0.000000 -1
0 -16.000000 1.000000 -6.000000 0.000000 0.000000 -1
0 -9.000000 1.000000 -2.000000 0.000000 0.000000 -1
0 -20.000000 1.000000 -21.000000 0.000000 0.000000 -1
0 -20.000000 1.000000 -13.000000 0.000000 0.000000 -1
0 -15.000000 1.000000 -26.000000 0.000000 0.000000 -1
0 -5.000000 1.000000 -28.000000 0.000000 0.000000 -1
0 4.000000 1.000000 -21.000000 0.000000 0.000000 -1
0 23.000000 -5.000000 -8.000000 0.000000 0.000000 -1
0 28.000000 -3.000000 -14.000000 0.000000 0.000000 -1
0 18.000000 -3.000000 -13.000000 0.000000 0.000000 -1
0 15.000000 -3.000000 -6.000000 0.000000 0.000000 -1
0 15.000000 0.000000 0.000000 0.000000 0.000000 -1
0 23.000000 -3.000000 0.000000 0.000000 0.000000 -1
0 30.000000 -3.000000 -5.000000 0.000000 0.000000 -1
0 22.000000 1.000000 -28.000000 0.000000 0.000000 -1
0 37.000000 1.000000 -9.000000 0.000000 0.000000 -1
0 29.000000 0.000000 5.000000 0.000000 0.000000 -1
0 10.000000 0.000000 -12.000000 0.000000 0.000000 -1
0 33.000000 1.000000 -18.000000 0.000000 0.000000 -1
0 9.000000 1.000000 -32.000000 0.000000 0.000000 -1
0 -16.000000 1.000000 -33.000000 0.000000 0.000000 -1
0 -40.000000 -2.000000 0.000000 0.000000 0.000000 -1
0 -22.000000 1.000000 25.000000 0.000000 0.000000 -1
0 14.000000 -2.000000 40.000000 0.000000 0.000000 -1
0 33.000000 1.000000 35.000000 0.000000 0.000000 -1
0 38.000000 1.000000 11.000000 0.000000 0.000000 -1
0 -40.001587 -2.000000 -40.003651 0.000000 0.000000 -1
0 -40.001587 -2.000000 39.996956 0.000000 0.000000 -1
0 39.998394 -2.000000 39.996956 0.000000 0.000000 -1
0 39.996021 -2.000000 0.001751 0.000000 0.000000 -1
0 39.998394 -2.000000 -40.003651 0.000000 0.000000 -1
0 0.004746 -2.000000 -40.004272 0.000000 0.000000 -1
101
0.155126 0.982467 -0.103418
0.000000 0.980581 -0.196116
-0.194772 0.973862 -0.116863
-0.196116 0.980581 0.000000
-0.034139 0.990044 0.136558
0.130573 0.988627 0.074613
0.000000 0.813733 0.581238
-0.113344 0.884083 0.453376
-0.397573 0.851943 0.340777
-0.485643 0.874157 0.000000
-0.446516 0.893033 0.055815
-0.444444 0.888889 -0.111111
-0.355478 0.910024 -0.213287
-0.261488 0.849837 -0.457604
0.000000 0.813733 -0.581238
-0.107298 0.869111 -0.482839
0.375145 0.810314 -0.450174
0.474105 0.821781 -0.316070
0.358979 0.861550 -0.358979
0.521216 0.845528 -0.115826
0.374401 0.887866 0.267429
0.232733 0.806808 0.543044
0.424157 0.872551 0.242375
0.148250 0.963624 0.222375
-0.240008 0.960031 0.144005
-0.240772 0.963087 -0.120386
0.070143 0.982003 -0.175358
0.203785 0.978167 -0.040757
0.435747 0.857878 0.272342
-0.234888 0.880830 0.411054
-0.406138 0.913812 0.000000
-0.380952 0.904762 -0.190476
-0.249513 0.935674 -0.249513
-0.105409 0.843274 -0.527046
0.172733 0.885259 -0.431834
0.345468 0.826657 -0.444174
0.473381 0.875755 -0.094676
0.554700 0.832050 0.000000
0.042255 0.940182 0.338043
0.304114 0.836314 0.456172
-0.350931 0.912421 0.210559
-0.359063 0.910481 0.205179
0.034154 0.939245 0.341544
0.267848 0.956598 0.114792
0.111111 0.888889 -0.444444
0.341882 0.911685 -0.227921
-0.170697 0.955904 -0.238976
-0.300459 0.951455 0.066769
0.026414 0.964122 0.264143
-0.449965 0.887431 0.099992
-0.214483 0.929425 -0.300276
0.245307 0.654152 -0.715479
0.363858 0.918308 0.155939
0.367343 0.869628 0.329859
-0.151078 0.717620 -0.679851
0.143599 0.893503 -0.425478
0.276988 0.931688 0.235020
0.181724 0.976768 0.113578
0.034161 0.995548 0.087843
0.164399 0.986394 0.000000
0.435127 0.733500 -0.522152
0.107192 0.790541 -0.602955
0.323381 0.889297 -0.323381
-0.593173 0.752873 -0.285179
-0.122411 0.969085 -0.214219
-0.027842 0.974481 -0.222738
-0.495762 0.840042 0.220339
-0.359617 0.845100 0.395579
0.000000 1.000000 0.000000
-0.148340 0.988936 0.000000
-0.224231 0.971666 -0.074744
-0.108517 0.992159 0.062010
-0.085651 0.984986 0.149889
-0.099269 0.993912 -0.047796
-0.198043 0.975544 -0.095354
-0.162073 0.985946 -0.040518
-0.142229 0.989674 0.017779
-0.146151 0.981299 0.125272
0.000000 0.759257 0.650791
-0.296460 0.502693 0.812042
0.296399 0.658665 0.691598
0.000000 0.857493 0.514496
0.228993 0.959588 0.163566
0.248661 0.967013 -0.055258
0.147670 0.915557 -0.374098
-0.114189 0.993443 0.005709
0.417470 0.904519 0.086973
-0.124028 0.992279 0.000005
-0.164390 0.986395 -0.000007
-0.000011 0.980576 0.196142
0.000060 0.857392 0.514664
0.348689 0.934419 0.072643
0.761896 0.646579 -0.038095
0.707513 0.706700 0.000042
0.175480 0.981389 -0.077991
0.832476 0.554061 -0.000049
0.095179 0.989939 -0.104697
0.051799 0.984366 -0.168348
0.000005 0.936389 -0.350964
0.014611 0.930784 -0.365278
-0.000006 0.919227 -0.393728
106
0 0 1 2 0 0 0 1
0 2 3 0 1 1 1 1
0 3 4 0 2 2 2 1
0 4 5 0 3 3 3 1
0 5 6 0 4 4 4 1
0 6 1 0 5 5 5 1
0 7 8 6 6 6 6 1
0 6 5 7 7 7 7 1
0 9 7 5 8 8 8 1
0 5 4 9 9 9 9 1
0 10 9 4 10 10 10 1
0 11 10 4 11 11 11 1
0 4 3 11 12 12 12 1
0 12 11 3 13 13 13 1
0 3 2 12 14 14 14 1
0 13 12 2 15 15 15 1
0 14 13 2 16 16 16 1
0 14 2 1 17 17 17 1
0 1 15 14 18 18 18 1
0 16 15 1 19 19 19 1
0 17 16 1 20 20 20 1
0 8 17 6 21 21 21 1
0 1 6 17 22 22 22 1
0 18 19 20 23 23 23 1
0 18 21 19 24 24 24 1
0 18 22 21 25 25 25 1
0 23 22 18 26 26 26 1
0 18 20 23 27 27 27 1
0 20 24 25 28 28 28 1
0 19 26 27 29 29 29 1
0 21 28 29 30 30 30 1
0 30 21 22 31 31 31 1
0 21 30 28 32 32 32 1
0 31 30 22 33 33 33 1
0 22 23 31 34 34 34 1
0 23 32 31 35 35 35 1
0 32 23 20 36 36 36 1
0 20 25 32 37 37 37 1
0 20 27 24 38 38 38 1
0 27 20 19 39 39 39 1
0 26 19 21 40 40 40 1
0 21 29 26 41 41 41 1
0 33 34 35 42 42 42 1
0 33 35 36 43 43 43 1
0 33 36 37 44 44 44 1
0 37 38 33 45 45 45 1
0 33 38 39 46 46 46 1
0 39 34 33 47 47 47 1
0 40 35 34 48 48 48 1
0 34 39 41 49 49 49 1
0 42 39 38 50 50 50 1
0 13 38 37 51 51 51 1
0 43 36 35 52 52 52 1
0 35 40 43 53 53 53 1
0 37 12 13 54 54 54 1
0 37 36 12 44 44 44 1
0 24 12 36 55 55 55 1
0 24 36 43 56 56 56 1
0 43 25 24 57 57 57 1
0 43 40 32 58 58 58 1
0 43 32 25 59 59 59 1
0 38 13 14 60 60 60 1
0 42 38 14 61 61 61 1
0 14 15 42 62 62 62 1
0 42 41 39 63 63 63 1
0 11 12 24 64 64 64 1
0 11 24 27 65 65 65 1
0 34 41 44 66 66 66 1
0 44 40 34 67 67 67 1
0 32 40 45 68 68 68 1
0 45 31 32 68 68 68 1
0 31 45 46 68 68 68 1
0 30 31 46 68 68 68 1
0 46 28 30 68 68 68 1
0 47 29 28 69 69 69 1
0 28 46 47 70 70 70 1
0 47 26 29 71 71 71 1
0 47 27 26 72 72 72 1
0 27 47 48 73 73 73 1
0 48 11 27 74 74 74 1
0 48 10 11 75 75 75 1
0 48 9 10 76 76 76 1
0 48 7 9 77 77 77 1
0 49 8 7 78 78 78 1
0 7 48 49 79 79 79 1
0 49 17 8 80 80 80 1
0 17 49 50 81 81 81 1
0 50 16 17 82 82 82 1
0 51 15 16 83 83 83 1
0 51 42 15 84 84 84 1
0 41 42 51 85 85 85 1
0 50 51 16 86 86 86 1
0 52 47 46 87 87 87 1
0 53 48 47 88 88 88 1
0 53 49 48 89 89 89 1
0 54 50 49 90 90 90 1
0 51 50 54 91 91 91 1
0 41 51 55 92 92 92 1
0 55 56 41 93 93 93 1
0 56 44 41 94 94 94 1
0 51 54 55 95 95 95 1
0 40 44 56 96 96 96 1
0 56 45 40 97 97 97 1
0 45 56 57 98 98 98 1
0 57 46 45 99 99 99 1
0 57 52 46 100 100 100 1

Materials: 1
"0"
0.200000 0.200000 0.200000 1.000000
0.784314 0.784314 0.784314 1.000000
0.000000 0.000000 0.000000 1.000000
0.000000 0.000000 0.000000 1.000000
0.000000
1.000000
""
""

Bones: 0
