// MilkShape 3D ASCII

Frames: 30
Frame: 1

Meshes: 1
"0" 0 0
100
0 10.000000 -4.000000 -15.000000 0.000000 0.000000 -1
0 1.000000 -3.000000 -22.000000 0.000000 0.000000 -1
0 0.000000 -1.000000 -10.000000 0.000000 0.000000 -1
0 -10.000000 -2.000000 -17.000000 0.000000 0.000000 -1
0 -11.000000 -4.000000 -3.000000 0.000000 0.000000 -1
0 2.000000 -1.000000 0.000000 0.000000 0.000000 -1
0 11.000000 -4.000000 -4.000000 0.000000 0.000000 -1
0 -13.000000 -1.000000 7.000000 0.000000 0.000000 -1
0 -5.000000 -1.000000 8.000000 0.000000 0.000000 -1
0 -16.000000 1.000000 18.000000 0.000000 0.000000 -1
0 -9.000000 1.000000 18.000000 0.000000 0.000000 -1
0 -10.000000 3.000000 27.000000 0.000000 0.000000 -1
0 -17.000000 3.000000 27.000000 0.000000 0.000000 -1
0 -9.000000 4.000000 37.000000 0.000000 0.000000 -1
0 -15.000000 4.000000 38.000000 0.000000 0.000000 -1
0 -5.000000 6.000000 46.000000 0.000000 0.000000 -1
0 -10.000000 6.000000 48.000000 0.000000 0.000000 -1
0 -1.000000 8.000000 64.000000 0.000000 0.000000 -1
0 -6.000000 8.000000 64.000000 0.000000 0.000000 -1
0 12.000000 0.000000 -24.000000 0.000000 0.000000 -1
0 8.000000 1.000000 -29.000000 0.000000 0.000000 -1
0 15.000000 0.000000 -33.000000 0.000000 0.000000 -1
0 11.000000 0.000000 -38.000000 0.000000 0.000000 -1
0 23.000000 -5.000000 -40.000000 0.000000 0.000000 -1
0 18.000000 -5.000000 -44.000000 0.000000 0.000000 -1
0 26.000000 -7.000000 -48.000000 0.000000 0.000000 -1
0 20.357367 -7.000000 -49.880878 0.000000 0.000000 -1
0 26.000000 -9.000000 -57.000000 0.000000 0.000000 -1
0 21.768026 -9.000000 -56.529781 0.000000 0.000000 -1
0 25.000000 -9.000000 -64.000000 0.000000 0.000000 -1
0 18.000000 -9.000000 -64.000000 0.000000 0.000000 -1
0 0.000000 31.000000 -64.000000 0.000000 0.000000 -1
0 3.000000 6.000000 -52.000000 0.000000 0.000000 -1
0 -1.000000 6.000000 -42.000000 0.000000 0.000000 -1
0 -11.000000 6.000000 -35.000000 0.000000 0.000000 -1
0 -22.000000 8.000000 -26.000000 0.000000 0.000000 -1
0 -23.000000 8.000000 -14.000000 0.000000 0.000000 -1
0 -18.000000 6.000000 -4.000000 0.000000 0.000000 -1
0 -17.000000 13.000000 5.000000 0.000000 0.000000 -1
0 -22.000000 13.000000 12.000000 0.000000 0.000000 -1
0 -25.000000 17.000000 23.000000 0.000000 0.000000 -1
0 -24.000000 18.000000 41.000000 0.000000 0.000000 -1
0 -19.000000 20.000000 49.000000 0.000000 0.000000 -1
0 -11.000000 53.000000 64.000000 0.000000 0.000000 -1
0 36.000000 29.000000 -64.000000 0.000000 0.000000 -1
0 38.000000 6.000000 -50.000000 0.000000 0.000000 -1
0 35.000000 8.000000 -38.000000 0.000000 0.000000 -1
0 31.000000 7.000000 -29.000000 0.000000 0.000000 -1
0 23.000000 7.000000 -19.000000 0.000000 0.000000 -1
0 21.000000 7.000000 -11.000000 0.000000 0.000000 -1
0 18.000000 9.000000 0.000000 0.000000 0.000000 -1
0 11.000000 16.000000 4.000000 0.000000 0.000000 -1
0 0.000000 21.000000 14.000000 0.000000 0.000000 -1
0 -5.000000 23.000000 24.000000 0.000000 0.000000 -1
0 -3.000000 21.000000 35.000000 0.000000 0.000000 -1
0 2.000000 21.000000 43.000000 0.000000 0.000000 -1
0 3.000000 52.000000 64.000000 0.000000 0.000000 -1
0 13.000000 29.000000 48.000000 0.000000 0.000000 -1
0 11.000000 24.000000 41.000000 0.000000 0.000000 -1
0 9.000000 21.000000 34.000000 0.000000 0.000000 -1
0 9.000000 18.000000 27.000000 0.000000 0.000000 -1
0 13.000000 15.000000 17.000000 0.000000 0.000000 -1
0 20.000000 12.000000 12.000000 0.000000 0.000000 -1
0 29.000000 10.000000 9.000000 0.000000 0.000000 -1
0 40.000000 10.000000 4.000000 0.000000 0.000000 -1
0 51.000000 8.000000 -10.000000 0.000000 0.000000 -1
0 51.000000 8.000000 -27.000000 0.000000 0.000000 -1
0 49.000000 8.000000 -39.000000 0.000000 0.000000 -1
0 46.000000 6.000000 -53.000000 0.000000 0.000000 -1
0 -14.000000 8.000000 -55.000000 0.000000 0.000000 -1
0 -30.000000 8.000000 -50.000000 0.000000 0.000000 -1
0 -48.000000 8.000000 -43.000000 0.000000 0.000000 -1
0 -54.000000 8.000000 -24.000000 0.000000 0.000000 -1
0 -64.000000 8.000000 -13.000000 0.000000 0.000000 -1
0 -64.000000 8.000000 -5.000000 0.000000 0.000000 -1
0 -51.000000 8.000000 2.000000 0.000000 0.000000 -1
0 -41.000000 13.000000 13.000000 0.000000 0.000000 -1
0 -37.000000 17.000000 24.000000 0.000000 0.000000 -1
0 -37.000000 17.000000 35.000000 0.000000 0.000000 -1
0 -34.000000 17.000000 45.000000 0.000000 0.000000 -1
0 -26.000000 20.000000 53.000000 0.000000 0.000000 -1
0 53.000000 29.000000 -60.000000 0.000000 0.000000 -1
0 59.000000 47.000000 -39.000000 0.000000 0.000000 -1
0 60.000000 40.000000 -18.000000 0.000000 0.000000 -1
0 57.000000 33.000000 2.000000 0.000000 0.000000 -1
0 46.000000 33.000000 12.000000 0.000000 0.000000 -1
0 28.000000 33.000000 19.000000 0.000000 0.000000 -1
0 23.000000 49.000000 39.000000 0.000000 0.000000 -1
0 28.000000 52.000000 64.000000 0.000000 0.000000 -1
0 44.000000 72.000000 41.000000 0.000000 0.000000 -1
0 -33.000000 44.000000 -62.000000 0.000000 0.000000 -1
0 -59.000000 44.000000 -53.000000 0.000000 0.000000 -1
0 -64.000000 44.000000 -31.000000 0.000000 0.000000 -1
0 -71.000000 44.000000 3.000000 0.000000 0.000000 -1
0 -51.000000 53.000000 19.000000 0.000000 0.000000 -1
0 -48.000000 53.000000 43.000000 0.000000 0.000000 -1
0 -38.000000 56.000000 62.000000 0.000000 0.000000 -1
0 -61.000000 62.000000 55.000000 0.000000 0.000000 -1
0 -66.000000 89.000000 35.000000 0.000000 0.000000 -1
0 53.004433 40.000000 15.996328 0.000000 0.000000 -1
165
0.218264 0.965399 -0.142711
0.015535 0.986484 -0.163119
-0.185622 0.974515 0.125958
-0.234892 0.970886 0.046978
0.275738 0.960906 -0.025067
0.292214 0.954566 -0.058443
0.035091 0.959146 -0.280726
-0.186041 0.968963 -0.162786
0.000000 0.983870 -0.178885
0.023383 0.982070 -0.187061
0.000000 0.976187 -0.216930
0.000000 0.995037 -0.099504
-0.014647 0.996023 -0.087884
-0.033748 0.978703 -0.202490
-0.065618 0.984268 -0.164045
-0.040572 0.994015 -0.101430
0.000000 0.992278 -0.124035
-0.182574 0.912871 0.365148
-0.190294 0.922193 0.336673
0.173494 0.983135 0.057831
0.097276 0.992210 -0.077820
0.332624 0.904739 -0.266100
0.301889 0.875478 -0.377361
0.149383 0.970988 -0.186728
0.095346 0.953463 -0.286039
0.072122 0.973645 -0.216366
-0.032695 0.955168 -0.294253
0.000000 1.000000 0.000000
0.772631 0.347684 0.531184
0.556906 0.781631 -0.280907
0.604389 0.789176 -0.109156
0.601562 0.798250 -0.030335
0.506531 0.838078 0.202612
0.482687 0.861941 -0.155149
0.434728 0.899438 0.044972
0.172908 0.953461 0.247011
0.053005 0.843268 0.534873
0.378125 0.887003 0.265041
0.301216 0.811753 0.500326
0.616325 0.785815 0.051360
0.624519 0.765678 0.153991
0.796853 0.528525 -0.292722
0.819580 0.572910 -0.007957
0.932919 0.226566 -0.279876
0.933947 0.295553 0.200976
0.667424 0.572078 0.476731
0.878459 0.473016 0.067574
0.869763 0.493299 -0.012982
0.874888 0.478454 -0.075186
0.804890 0.559692 -0.197225
0.650552 0.533943 -0.540081
0.729220 0.501999 -0.465010
0.378175 0.305531 -0.873862
0.961368 0.106819 -0.253694
-0.951646 0.275477 0.135949
-0.734700 0.304970 0.605979
-0.738011 0.658720 -0.146382
-0.725678 0.625897 -0.285736
-0.640539 0.653350 -0.403540
-0.696192 0.678641 -0.234014
-0.144868 0.719344 -0.679380
-0.330350 0.906104 -0.264280
-0.477519 0.864083 -0.159173
-0.492366 0.861640 -0.123091
-0.725036 0.674599 0.138703
-0.717359 0.693645 0.065214
-0.793363 0.523032 -0.311468
-0.157189 0.366774 -0.916934
-0.277514 0.356803 -0.892008
-0.488519 0.436410 -0.755576
-0.710186 0.330882 -0.621412
-0.861123 0.306361 -0.405721
-0.834756 0.280927 -0.473563
-0.963588 0.217584 -0.155417
-0.938299 0.267459 0.219229
-0.939050 0.338495 0.060056
-0.882789 0.348617 0.314880
-0.757947 0.448452 0.473717
-0.974389 0.088581 0.206689
-0.851168 0.312929 -0.421412
-0.032285 0.561269 -0.827003
-0.371291 0.802467 -0.467108
-0.358917 0.890646 -0.279158
0.014690 0.984230 0.176280
0.381471 0.849640 -0.364131
0.339737 0.940344 -0.018200
0.435091 0.895405 -0.094585
0.417991 0.908434 0.005573
0.399373 0.916743 0.009077
0.590382 0.754377 -0.286991
0.125957 0.957274 -0.260311
-0.032368 0.996936 -0.071210
-0.011613 0.983241 -0.181938
-0.027462 0.986329 -0.162481
-0.033039 0.999420 -0.008260
-0.035692 0.999363 0.000000
-0.046215 0.998247 -0.036972
-0.058201 0.994709 0.084656
-0.049100 0.990175 -0.130932
-0.011950 0.985835 -0.167293
0.301023 0.514793 0.802728
-0.109687 0.419392 0.901154
0.109128 0.993069 0.043651
0.062965 0.993954 0.089951
0.029702 0.995030 0.095048
0.141264 0.988851 -0.047088
0.004728 0.981022 0.193840
0.043437 0.999056 0.000000
0.045102 0.995465 -0.083761
-0.062666 0.791163 -0.608386
-0.109135 0.938560 -0.327405
-0.018214 0.938032 -0.346070
-0.027724 0.942628 -0.332692
-0.004601 0.998464 -0.055215
-0.076697 0.997054 0.000000
-0.088900 0.995683 0.026670
-0.156285 0.976784 -0.146518
-0.131488 0.964242 -0.230103
-0.441094 0.457802 -0.771915
-0.215088 0.343674 0.914125
-0.954895 0.296347 0.018816
-0.954632 0.244777 0.169596
-0.956282 0.245200 0.159380
-0.963732 0.236016 0.124564
-0.962651 0.270746 0.000000
-0.964689 0.257691 -0.054512
-0.672056 0.445289 -0.591657
-0.617323 0.397234 -0.679056
-0.387096 0.353435 -0.851611
-0.334321 0.386234 -0.859682
-0.214890 0.381539 -0.899028
-0.399466 0.423244 -0.813199
-0.586665 0.554470 -0.590243
-0.737647 0.506123 -0.446896
-0.866788 0.485204 0.115133
0.000000 0.571064 -0.820905
-0.901967 0.429044 -0.048755
-0.897173 0.436194 0.069395
-0.861621 0.466513 -0.199934
-0.566163 0.568808 -0.596587
-0.739716 0.669515 0.067601
-0.300491 0.559155 -0.772691
0.164286 0.271122 0.948422
0.282138 0.324459 0.902842
0.343063 0.322643 0.882162
0.307534 0.340755 0.888431
0.917631 0.338318 0.208552
0.907305 0.307741 0.286518
0.701334 0.318788 0.637577
0.455601 0.276615 -0.846116
0.605216 0.356009 -0.712019
0.531872 0.254137 -0.807791
0.865518 0.278797 -0.416114
0.932005 0.362446 0.000000
0.942082 0.314027 -0.117760
0.902202 0.335820 -0.270661
0.101190 0.272906 -0.956704
0.581696 0.374425 -0.722105
0.825758 0.294401 -0.481094
0.327852 0.891273 -0.313281
0.751275 0.477000 0.456132
0.898527 0.424304 -0.112316
0.389324 0.504679 -0.770536
-0.131124 0.587212 -0.798742
-0.453496 0.738576 -0.498846
174
0 0 1 2 0 0 0 1
0 3 2 1 1 1 1 1
0 2 3 4 2 2 2 1
0 2 4 5 3 3 3 1
0 0 2 6 4 4 4 1
0 2 5 6 5 5 5 1
0 7 8 4 6 6 6 1
0 8 5 4 7 7 7 1
0 9 10 7 8 8 8 1
0 8 7 10 9 9 9 1
0 10 9 11 10 10 10 1
0 12 11 9 10 10 10 1
0 11 12 13 11 11 11 1
0 14 13 12 12 12 12 1
0 13 14 15 13 13 13 1
0 16 15 14 14 14 14 1
0 15 16 17 15 15 15 1
0 18 17 16 16 16 16 1
0 19 1 0 17 17 17 1
0 1 19 20 18 18 18 1
0 21 20 19 19 19 19 1
0 20 21 22 20 20 20 1
0 23 22 21 21 21 21 1
0 22 23 24 22 22 22 1
0 25 24 23 23 23 23 1
0 24 25 26 24 24 24 1
0 27 26 25 25 25 25 1
0 26 27 28 26 26 26 1
0 29 28 27 27 27 27 1
0 28 29 30 27 27 27 1
0 30 31 32 28 28 28 1
0 28 30 32 29 29 29 1
0 26 28 32 30 30 30 1
0 24 26 32 31 31 31 1
0 24 32 33 32 32 32 1
0 22 24 33 33 33 33 1
0 20 22 33 34 34 34 1
0 20 33 34 35 35 35 1
0 1 20 34 36 36 36 1
0 1 34 35 37 37 37 1
0 35 3 1 38 38 38 1
0 3 35 36 39 39 39 1
0 36 4 3 40 40 40 1
0 4 36 37 41 41 41 1
0 37 7 4 42 42 42 1
0 7 37 38 43 43 43 1
0 38 9 7 44 44 44 1
0 9 38 39 45 45 45 1
0 9 39 40 46 46 46 1
0 40 12 9 47 47 47 1
0 12 40 41 48 48 48 1
0 41 14 12 49 49 49 1
0 14 41 42 50 50 50 1
0 42 16 14 51 51 51 1
0 16 42 43 52 52 52 1
0 43 18 16 53 53 53 1
0 44 29 27 54 54 54 1
0 45 44 27 55 55 55 1
0 45 27 25 56 56 56 1
0 46 45 25 57 57 57 1
0 46 25 23 58 58 58 1
0 47 46 23 59 59 59 1
0 47 23 21 60 60 60 1
0 48 47 21 61 61 61 1
0 48 21 19 62 62 62 1
0 49 48 19 63 63 63 1
0 49 19 0 64 64 64 1
0 0 6 49 65 65 65 1
0 50 49 6 66 66 66 1
0 51 50 6 67 67 67 1
0 51 6 5 68 68 68 1
0 52 51 5 69 69 69 1
0 5 8 52 70 70 70 1
0 8 10 52 71 71 71 1
0 53 52 10 72 72 72 1
0 10 11 53 73 73 73 1
0 11 54 53 74 74 74 1
0 11 13 54 75 75 75 1
0 13 15 54 76 76 76 1
0 55 54 15 77 77 77 1
0 15 17 56 78 78 78 1
0 56 55 15 79 79 79 1
0 55 56 57 80 80 80 1
0 57 58 55 81 81 81 1
0 58 59 55 82 82 82 1
0 54 55 59 27 27 27 1
0 59 53 54 83 83 83 1
0 59 60 53 84 84 84 1
0 52 53 60 85 85 85 1
0 60 61 52 86 86 86 1
0 51 52 61 87 87 87 1
0 61 62 51 88 88 88 1
0 50 51 62 89 89 89 1
0 62 63 50 90 90 90 1
0 63 64 50 91 91 91 1
0 49 50 64 92 92 92 1
0 64 65 49 93 93 93 1
0 48 49 65 94 94 94 1
0 65 66 48 95 95 95 1
0 47 48 66 96 96 96 1
0 46 47 66 97 97 97 1
0 66 67 46 27 27 27 1
0 67 68 45 98 98 98 1
0 45 46 67 99 99 99 1
0 44 45 68 100 100 100 1
0 69 32 31 101 101 101 1
0 69 33 32 102 102 102 1
0 69 34 33 103 103 103 1
0 69 70 34 104 104 104 1
0 70 35 34 105 105 105 1
0 35 70 71 27 27 27 1
0 35 71 72 27 27 27 1
0 72 36 35 27 27 27 1
0 36 72 73 27 27 27 1
0 73 37 36 106 106 106 1
0 37 73 74 107 107 107 1
0 37 74 75 108 108 108 1
0 75 38 37 109 109 109 1
0 38 75 76 110 110 110 1
0 76 39 38 27 27 27 1
0 76 40 39 111 111 111 1
0 40 76 77 112 112 112 1
0 77 41 40 113 113 113 1
0 41 77 78 114 114 114 1
0 41 78 79 115 115 115 1
0 79 42 41 116 116 116 1
0 42 79 80 117 117 117 1
0 80 43 42 118 118 118 1
0 44 68 81 119 119 119 1
0 82 81 68 120 120 120 1
0 68 67 82 121 121 121 1
0 67 66 82 122 122 122 1
0 66 83 82 123 123 123 1
0 66 65 83 124 124 124 1
0 65 84 83 125 125 125 1
0 65 64 84 126 126 126 1
0 85 84 64 127 127 127 1
0 64 63 86 128 128 128 1
0 64 86 85 129 129 129 1
0 63 62 86 130 130 130 1
0 62 61 86 131 131 131 1
0 87 86 61 132 132 132 1
0 61 60 87 133 133 133 1
0 88 87 57 134 134 134 1
0 88 57 56 135 135 135 1
0 58 57 87 136 136 136 1
0 59 58 87 137 137 137 1
0 60 59 87 138 138 138 1
0 86 87 89 139 139 139 1
0 87 88 89 140 140 140 1
0 86 89 85 141 141 141 1
0 90 69 31 142 142 142 1
0 70 69 90 143 143 143 1
0 90 71 70 144 144 144 1
0 71 90 91 145 145 145 1
0 71 91 92 146 146 146 1
0 92 72 71 147 147 147 1
0 92 73 72 148 148 148 1
0 93 75 74 149 149 149 1
0 93 76 75 150 150 150 1
0 76 93 94 151 151 151 1
0 94 77 76 152 152 152 1
0 94 78 77 153 153 153 1
0 78 94 95 154 154 154 1
0 95 79 78 155 155 155 1
0 43 80 96 156 156 156 1
0 96 80 79 157 157 157 1
0 79 95 96 158 158 158 1
0 97 96 95 159 159 159 1
0 97 95 98 160 160 160 1
0 94 98 95 161 161 161 1
0 98 94 93 162 162 162 1
0 99 85 89 163 163 163 1
0 84 85 99 164 164 164 1

Materials: 1
"0"
0.200000 0.200000 0.200000 1.000000
0.784314 0.784314 0.784314 1.000000
0.000000 0.000000 0.000000 1.000000
0.000000 0.000000 0.000000 1.000000
0.000000
1.000000
""
""

Bones: 0
